1000
41
2463
2333
2494
3165
3721
3476
1351
2956
458
1704
138
3276
823
1959
491
2995
3940
826
1435
383
2601
3902
153
292
379
1417
2712
3714
3891
1446
1721
2768
3536
1869
3908
1661
2293
1031
1892
696
3806
3315
2326
1669
663
3138
3710
246
2867
1541
3638
654
749
32
856
721
1739
3523
778
313
3035
2185
1842
288
2099
1038
940
3260
2643
3440
3800
3887
2728
364
3347
3003
3094
387
3548
3625
620
78
3950
2752
3838
965
3375
1928
2302
940
431
620
3321
1536
1533
114
2082
2924
537
832
3108
638
1651
2699
1928
1974
2306
3666
2381
1020
738
2918
3068
2269
1828
2771
3570
1096
508
3981
1287
1159
2632
2350
761
3650
3571
30
49
3344
1150
937
1719
1963
3430
3100
2184
2003
3335
3454
284
3747
2381
2942
907
201
1756
215
2584
2421
940
3500
1027
409
1161
900
583
2758
1655
1406
2358
3618
532
1543
2482
3589
40
3602
344
2289
2829
1372
3018
595
15
3342
3194
3664
478
279
733
53
1999
2412
3932
2899
3788
2123
467
3728
2890
642
2478
1803
2421
2307
2616
2808
1512
2306
3615
2931
1447
595
1248
515
3549
2793
2296
2223
3006
1843
601
2986
694
3195
480
3093
2340
2516
1587
1307
1501
3447
1194
1455
2617
575
3792
2795
3278
3585
793
2
3151
467
3617
2534
289
2037
173
2186
1650
3957
2190
3811
2883
3152
3509
198
2634
266
50
323
2641
2356
885
2871
426
1862
137
3839
1416
1876
3991
2320
2647
2019
1698
3557
469
3886
383
1074
2710
2600
2510
998
2863
1857
2685
1398
1787
3252
419
1001
2583
176
2283
3082
3419
610
3752
1830
2925
168
2154
1715
1185
3972
3322
2368
685
1420
2553
3434
545
3440
1510
2138
2056
1713
3753
135
420
275
1990
683
526
2544
1433
3862
946
193
3190
3297
411
279
101
482
278
452
1728
2110
3699
3309
666
1785
260
312
349
3178
48
912
2806
1832
940
312
3750
314
3554
3641
3976
481
143
3191
217
3128
2161
1534
445
3171
2464
41
1654
2286
2433
1249
19
2148
1503
744
644
1183
311
473
15
2168
2015
2783
1903
1954
3390
2200
3625
2471
413
1312
1818
1327
1868
366
154
3831
63
3486
290
3517
175
1769
262
1763
2668
1188
1982
3102
478
1206
3626
801
98
2520
2625
1543
1924
3021
1965
1058
2178
2996
3426
1501
3587
2720
1028
490
142
1218
3279
1061
3899
3183
358
2408
2967
2267
1163
235
2826
3707
1754
2892
666
3284
547
140
1691
2695
1619
12
2125
2570
1689
2653
2296
1367
2461
677
2588
3846
1478
1018
457
1114
3147
2800
2083
3053
1926
1008
756
162
310
1574
2220
40
2753
3163
1108
3881
1082
1558
3487
1570
2471
2625
1621
1628
3921
1417
513
2901
2959
123
590
3737
1258
2193
517
1264
258
2201
114
1029
321
1004
2764
2410
1541
1148
1515
1783
2921
2181
1758
939
846
2658
1826
2893
1709
2954
1574
363
1004
3475
1200
2052
2438
2303
757
3353
2324
2476
1107
1108
2884
3797
2845
2457
2423
990
3378
3401
2539
3104
697
832
348
2071
1343
2819
2482
551
3211
1626
1355
524
1354
1330
3266
3864
1354
893
1019
1610
2110
714
2692
3583
35
417
123
223
564
2558
930
2291
1848
50
958
3584
1727
2653
968
1452
2366
2527
2963
2607
2483
911
3633
2065
2843
674
935
2223
2137
3749
2510
2736
170
1454
1821
3221
1866
1626
3927
3202
3776
3845
1394
2274
2696
190
731
1637
2528
1555
1993
2174
1699
2961
2546
3878
300
2410
637
3851
849
1139
3460
3605
2870
419
670
1752
2439
289
670
2038
1311
875
67
815
610
1017
2929
105
2688
1166
3826
35
2482
678
3086
3493
2589
1984
3142
3349
3310
2647
2734
2039
3256
335
757
3190
3604
1258
178
496
3829
3770
603
1285
1996
1545
1549
1555
3620
2466
1534
2123
3233
3807
1167
596
2076
210
681
211
3987
1818
1600
3387
3756
2670
2422
20
83
2073
2782
3495
964
2286
3842
596
503
1216
2658
1705
2363
1008
2166
3483
2236
161
1536
3618
908
3590
2703
3811
1230
750
1199
974
1539
303
3420
1093
3245
1581
1645
2971
1860
2908
3073
1540
705
1542
2674
1769
3259
517
1982
282
3941
2865
2536
3240
1502
311
3864
1599
316
1127
466
3146
1081
563
1756
1894
1099
2420
3527
3598
2963
2012
1564
28
1538
1341
2088
2943
634
2404
2457
1048
680
1588
3340
608
52
1216
1758
1947
883
2143
690
3948
840
1425
1614
748
3061
535
778
2031
218
3182
3037
1851
1623
3222
3745
3919
3359
249
760
943
2952
3313
718
1405
1020
350
2994
2544
1494
2580
1513
1960
3337
73
1909
138
3189
1943
1066
421
2603
2167
423
396
2704
621
1805
3371
2086
561
32
2733
1134
2807
1993
254
2651
3931
2831
477
1355
1010
1131
2226
1837
2622
2011
629
185
3686
1650
1661
1629
2891
2351
1411
1449
2005
3261
2228
1453
299
630
2297
2253
148
3122
314
212
3103
22
1193
1075
1313
854
44
149
3354
3261
3901
3676
1636
2903
2899
3561
482
942
1282
1650
2667
2220
1401
2922
3831
3365
3878
254
3004
2614
3966
1996
1940
1779
2498
389
677
1307
2697
1588
719
1937
3033
2409
3454
2233
505
1959
3959
2492
1515
1263
931
862
58
2697
1968
2258
3114
211
549
3814
2326
3039
2205
1281
75
1954
81
705
478
768
378
1808
1945
2540
2111
1679
1106
1892
3068
788
3972
2128
1949
682
2107
2006
938
3787
1723
1358
28
1178
772
3199
1070
1885
1969
1071
3331
2862
2147
2292
160
820
1674
3626
643
2598
3309
692
685
2073
2114
246
